1136 41 0 0 600433 2.4604 200625 2.63382 2400 2.38035 2456 2.55122 2221 2.65569 300273 2.41499 300234 2.50738 625 2.501 300228 2.60031 300104 2.84949 300252 2.42444 2570 2.4716 300017 2.80432 800 2.77571 2236 2.42734 300303 2.51605 601633 2.67438 2467 2.85231 2524 2.41896 2020 2.45636 600620 2.72869 2508 2.40663 200613 2.64959 2572 2.43152 300257 2.49875 300147 2.56241 2091 3.01007 2348 2.64321 600336 2.44364 300241 2.56154 2605 2.53267 600804 2.94407 671 2.47646 300207 2.28576 600867 2.45832 400 2.98673 2038 2.43428 600332 2.56056 801 2.63757 600691 2.66851 
1137 41 0 0 600867 2.709 200625 2.45325 300251 2.66078 2456 2.77943 300059 2.48408 2091 2.45504 2221 2.77138 300104 2.54944 300072 2.37737 300228 2.59407 2640 2.42129 300234 2.77354 300017 2.48859 300081 2.46922 800 2.65215 788 2.65679 600620 2.78841 760 2.53393 731 2.45188 300303 3.53116 2594 2.8332 2467 2.34481 600648 2.55387 600499 2.52341 601633 2.48318 300013 2.66176 300074 2.72909 600804 3.14484 503 2.59539 300205 3.05419 400 2.86343 600771 2.60077 600388 2.7317 600864 2.49803 200553 2.51585 600332 2.48821 300157 2.65266 49 2.67198 2322 2.50715 2353 2.54959 
1138 41 0 7.10543e-015 300251 2.86147 300303 2.45507 300315 3.16042 2456 2.60196 2400 2.57833 600804 2.55412 300273 3.03712 2221 2.55873 300234 2.51951 300228 3.18569 800 2.63129 2055 2.49104 300241 2.36682 300205 2.59442 600620 2.51404 788 2.57927 50 2.6721 2594 2.57537 300252 2.77361 400 2.69014 2052 2.71049 801 2.68773 2524 2.85601 300227 3.2613 300013 2.81819 49 2.48384 200613 2.52604 300014 2.5521 2508 2.56808 600388 2.79373 2266 2.67252 2635 2.66805 977 2.5871 2554 2.69538 2020 2.99272 300027 2.69783 600645 2.69977 2653 3.0437 300058 2.63962 600771 2.60021 
1139 41 0 0 300315 3.07014 300251 2.39407 300273 2.93765 300228 2.55326 300059 2.45913 300104 2.38163 300227 2.44133 600765 2.43329 2151 2.38055 2653 2.62439 2524 2.93832 600388 3.00183 600648 2.52634 50 2.7827 760 2.64166 300252 3.05632 300168 2.59638 300013 2.73656 2020 2.79769 400 2.6263 2052 2.52426 2322 2.51989 300287 2.68206 300167 2.81991 2236 2.61165 600305 2.53622 2570 2.63818 300133 2.72141 2364 2.75185 2635 2.5762 300212 2.66722 600435 2.49798 801 2.36426 300074 2.3125 2450 2.45854 300274 2.46808 2241 2.35078 2554 2.87496 2005 2.41518 2571 2.59926 
1140 41 0 5.32907e-015 300315 2.70807 300133 2.75161 300273 2.40424 600389 2.31085 300252 2.3534 600388 2.1507 2524 2.59387 50 2.22016 2055 2.24492 600200 2.70035 788 2.65117 300234 2.41126 900938 1.98593 300013 2.57757 2554 2.2175 200613 2.29533 300147 2.33552 800 2.76203 300167 2.7644 300014 2.92034 2080 2.31568 2432 2.18342 613 2.06444 2426 2.53427 2364 2.54946 600645 2.42108 300098 2.3016 200168 2.49187 977 2.30219 300055 2.33362 2020 2.14009 600521 2.5952 300287 2.4159 600771 2.4654 2148 2.6082 300212 2.34771 2649 2.33621 600486 2.282 600405 2.43659 600499 2.29008 
1141 41 0 6.21725e-015 50 2.36197 300133 2.78182 600228 2.34076 600200 2.37895 300014 2.44978 788 2.29306 300167 2.561 300205 2.60596 600521 2.30555 2148 2.69893 2640 2.52347 800 2.183 584 2.62879 748 2.24878 300052 2.96146 2266 2.34589 300285 2.4495 300002 2.67795 8 2.30222 2642 2.64802 600699 2.26348 2318 2.39382 715 2.47427 2341 2.4421 300255 2.51846 600671 2.32719 600851 2.28108 2614 2.43256 2344 2.28748 300232 2.4531 300096 2.19 2384 2.45056 600375 2.29229 2382 2.65787 600187 2.26087 899 2.17385 300164 2.39971 2050 2.48406 200011 2.27948 300196 2.40381 
1142 41 0 0 300205 2.38546 300133 2.81202 300104 2.18851 300228 2.35299 2148 2.35921 300167 2.84272 300205 2.20973 300052 2.53858 2618 2.21864 2640 2.49297 300013 2.39938 2426 2.51655 300234 2.16455 300071 2.27547 300058 2.21895 584 2.07052 2642 2.56677 2524 2.25654 300057 2.28347 300002 2.23705 300285 2.11445 2550 2.5164 2095 2.31865 300051 2.91668 715 2.21731 2681 2.42571 300244 2.28056 2185 2.26923 600387 2.38603 2382 2.35413 2405 2.29342 300255 2.30923 300177 2.27336 300070 2.1917 2614 2.67841 2230 2.32981 300253 2.30991 2643 2.22909 2341 2.55597 300232 2.10524 
1143 41 0 3.9968e-015 300052 3.0852 2524 2.0436 300133 2.84222 300251 2.05869 300167 2.04577 600200 1.93524 300052 2.89495 300088 2.08767 2426 2.13735 300051 2.64279 2640 2.33503 2642 2.16571 600446 2.10409 2550 2.01707 790 2.01075 2614 2.38829 600387 2.16367 300301 2.3082 300207 2.0283 2681 2.25488 2341 2.17712 300311 2.19031 600182 2.05082 2416 2.1674 600206 2.06492 2261 2.54829 300114 1.98361 793 2.02509 600753 2.2379 2527 2.29146 600187 2.29073 2129 2.19304 600893 2.09488 2528 2.18514 990 2.10331 300188 2.10004 300024 2.18231 2462 2.15325 2324 1.99757 600422 2.35918 
1144 41 0 6.21725e-015 300051 3.00872 300088 2.17676 300133 2.87241 300052 2.37179 300059 2.17477 300051 2.56758 2148 2.34465 300017 2.10772 300071 2.14797 300055 2.09672 300212 2.00548 300274 1.95046 600867 2.21444 300253 2.3549 2292 2.20864 300032 2.50299 2261 2.33608 300053 2.04239 600637 2.06352 300157 2.18284 300299 2.31652 600633 2.72345 300301 1.96012 600198 2.3565 300097 2.86762 300263 2.19725 600594 2.40613 300297 2.16271 1896 2.01482 300229 2.25741 600518 2.31698 300124 2.28512 600066 2.28583 2219 2.18096 2414 2.41575 2439 2.17867 300137 2.32493 600422 2.26735 600165 2.06797 2351 2.29373 
1145 41 0 0 300133 2.90261 300315 2.40376 300052 2.78401 300273 2.55207 300059 2.7661 300051 2.2649 300104 2.47377 2148 2.47653 600389 2.2404 300167 2.21377 2456 2.17847 300014 2.4398 300205 2.63757 49 2.16669 2426 2.20246 2642 2.34411 2570 2.34331 600446 2.41436 300287 2.42678 600633 2.18526 300097 2.17056 300253 2.39412 300002 2.384 300111 2.25339 2260 2.46408 300032 1.97083 600486 2.25426 600867 2.40641 2640 2.35379 2508 2.35865 2440 2.29106 2261 2.42981 2416 2.32525 300255 2.41652 2681 2.45737 300085 2.3152 300009 2.42498 2594 2.1997 661 2.20124 300157 2.58939 
1146 41 0 0 300133 2.93281 300002 2.42365 300052 2.47245 300059 2.52166 300315 2.46132 2148 2.38435 300104 2.33358 300273 2.23252 300017 2.61021 2400 2.37616 300205 2.36382 300014 2.38172 600880 2.33713 300071 2.55926 300287 2.54445 2570 2.13253 300147 2.42953 600446 2.4295 300055 2.26949 2292 2.37758 300253 2.40034 600867 2.37633 2095 3.2119 300244 2.38077 300058 2.46897 2260 2.25381 2640 2.46063 2261 2.56875 300255 2.24076 300226 2.82158 300157 2.43319 2416 2.48145 2440 2.27911 300199 2.57168 2303 2.33189 2508 2.30714 2614 2.29212 2185 2.23057 2038 2.24202 2681 2.35854 
1147 41 0 0 300133 2.96302 300002 2.4633 300052 2.18467 300059 2.37705 300017 2.44074 600771 2.88609 2400 2.75936 2095 2.23507 2642 2.25929 2148 2.4374 300205 2.4404 300014 2.294 300051 2.18495 600389 2.72736 300251 2.55131 600633 2.24176 300071 2.56805 300287 2.7028 600446 2.20956 300226 2.5815 2640 2.33466 2432 2.33535 300113 2.35021 300253 2.99967 2618 3.12514 2292 2.43545 600336 2.36805 300147 2.4808 600867 2.61246 300058 2.45032 600753 2.2811 503 2.44274 300244 2.48179 2529 2.40564 300097 2.80056 2544 2.41879 300293 2.58073 300168 2.47846 2681 2.52917 793 2.52553 
1148 41 0 0 300002 2.50294 300133 3.4221 600771 2.46324 2400 2.47201 300226 2.27836 300253 2.61207 300251 2.42053 2618 2.33724 300071 2.87706 300027 2.43209 600389 2.5027 300287 2.7348 300205 2.55039 600388 2.39837 600804 2.55455 300097 2.32705 2653 2.42886 2260 2.44543 156 2.35646 300244 2.60773 600637 2.57197 600867 2.36039 300074 2.4127 793 2.64805 2416 2.17154 300147 2.52103 2230 2.34116 300081 2.46386 2080 2.46777 2224 2.4969 2681 2.42061 300199 2.44461 300271 2.52739 300033 2.45903 2573 2.53091 2261 2.24768 300098 2.35561 2185 2.57346 2259 2.47382 300168 2.56088 
1149 41 0 0 300002 2.5426 600771 2.80136 2400 2.59549 300287 2.26523 300253 2.22182 300027 2.55986 600389 2.69745 300205 2.21038 2426 2.44189 300017 2.29811 300071 2.78494 300133 2.43932 300296 2.15729 600804 2.61331 300244 2.44738 793 2.38946 300147 2.6334 2055 2.31703 600637 2.29504 300274 2.43525 2579 2.44078 600597 2.41907 300271 2.32279 2185 2.53498 2384 2.43193 2229 2.34966 300075 2.25258 2065 2.35458 300168 2.37678 2544 2.44842 2224 2.48093 300263 2.19675 300293 2.26592 2683 2.4322 2573 2.4402 2570 2.34459 300299 2.76564 2658 2.5866 300157 2.41039 300058 2.47892 
1150 41 0 8.88178e-016 300002 2.58224 600771 2.0018 600389 2.23348 300027 2.23116 2400 2.07755 600804 2.38957 300303 2.16435 300071 2.07659 2640 2.25392 977 2.36941 2259 2.3165 2241 2.33587 300147 2.15331 300299 2.3203 2235 2.05749 2020 2.26891 300324 2.51093 600175 2.4709 2653 2.21533 600486 2.27607 600566 2.49766 2185 2.15877 600867 2.14761 300255 2.30866 300207 2.3774 2658 2.20249 300246 2.2497 915 2.12716 712 2.43088 600654 2.37115 2440 2.31197 829 2.24723 300182 2.49437 300096 2.46194 2019 2.43202 2064 2.42479 2565 2.279 300058 2.23449 428 2.69976 2368 2.56827 
1151 41 0 3.10862e-015 300071 2.39231 977 2.84102 300002 2.6219 300226 2.6889 2260 2.23439 2432 2.25938 2579 2.41232 938 2.4719 600566 2.41677 2266 2.55161 600175 2.08991 428 2.43277 300324 2.32665 2312 2.65666 2505 2.36684 300182 2.33345 600845 2.37166 2368 2.55427 2019 3.02448 600822 2.58988 600536 2.75556 300067 2.43449 600119 2.29001 600206 2.32886 2049 2.56131 2570 2.44268 62 2.25976 2271 2.30244 300213 2.47212 715 2.24122 300297 2.44413 300288 2.83064 300322 2.41509 2439 2.36694 600182 2.17563 2665 2.16761 2355 2.40679 600120 2.31685 300038 2.47694 2362 2.48567 
1152 41 0 1.77636e-015 300002 3.43671 300052 2.69931 300226 2.41912 2071 2.56351 2148 2.67524 300051 2.14937 2095 2.40784 300014 2.39331 2618 2.29507 300104 2.4697 300017 2.22723 300205 2.2812 600804 2.11257 977 2.18343 300071 2.20367 2019 2.4496 300097 2.07931 300296 2.17121 300027 2.41622 938 2.22991 300133 2.40425 2312 2.3361 600566 2.42702 600536 2.47858 600880 2.32317 428 2.34375 300081 2.22269 2579 2.24529 2229 2.67749 300299 2.24584 300288 2.16935 2241 2.27948 300303 2.10957 2368 2.30799 300207 2.20905 300324 2.27424 2266 2.34645 600822 3.87914 300274 2.52371 49 2.30329 
100 103.297 105.604 107.955 104.77 96.7742 97.2129 94.4654 88.9458 91.6107 95.0773 97.2853 99.9443 99.7734 97.4803 92.331 97.8118 95.97 